********** yList **********
yList[0]: 1
yList[1]: 16.01553128470877963979
yList[2]: 16.01553128470877963979
yList[3]: 15.24678578423561181532
yList[4]: 0.23125449833397857729
yList[5]: 1.19285359824E-9
