********** yRatio **********
yRatio[0][0]: 1.00000000000000000000
yRatio[0][1]: 0.06243938975379321121
yRatio[0][2]: 0.06243938975379321121
yRatio[0][3]: 0.06558759427406321247
yRatio[0][4]: 4.32424020810093132735
yRatio[0][5]: 838325844.40827733274105733145

yRatio[1][0]: 16.01553128470877963979
yRatio[1][1]: 1.00000000000000000000
yRatio[1][2]: 1.00000000000000000000
yRatio[1][3]: 1.05042016798504580060
yRatio[1][4]: 69.25500433543606931973
yRatio[1][5]: 13426233787.90067038108882755664

yRatio[2][0]: 16.01553128470877963979
yRatio[2][1]: 1.00000000000000000000
yRatio[2][2]: 1.00000000000000000000
yRatio[2][3]: 1.05042016798504580060
yRatio[2][4]: 69.25500433543606931973
yRatio[2][5]: 13426233787.90067038108882755664

yRatio[3][0]: 15.24678578423561181532
yRatio[3][1]: 0.95200000007448105074
yRatio[3][2]: 0.95200000007448105074
yRatio[3][3]: 1.00000000000000000000
yRatio[3][4]: 65.93076413249332348427
yRatio[3][5]: 12781774567.08143820279649676785

yRatio[4][0]: 0.23125449833397857729
yRatio[4][1]: 0.01443938975379321121
yRatio[4][2]: 0.01443938975379321121
yRatio[4][3]: 0.01516742621078101404
yRatio[4][4]: 1.00000000000000000000
yRatio[4][5]: 193866622.58904515444872654266

yRatio[5][0]: 1.19285359824E-9
yRatio[5][1]: 7.448105074E-11
yRatio[5][2]: 7.448105074E-11
yRatio[5][3]: 7.823639783E-11
yRatio[5][4]: 5.15818549189E-9
yRatio[5][5]: 1.00000000000000000000

